0 0 16 8
8 0 16 8
16 0 8 16
16 8 8 16
0 16 8 16
0 24 8 16
16 16 16 16
32 0 16 8
40 0 16 8
48 0 16 4
52 0 16 8
60 0 16 4
32 16 8 8
40 16 8 8
32 24 8 8
40 24 8 8
48 16 8 4
52 16 8 4
56 16 8 8
48 24 8 8
56 24 8 8
0 32 16 16
16 32 16 16
0 48 16 16
16 48 16 16
32 32 16 4
36 32 8 8
36 40 8 8
44 32 16 4
48 32 8 16
48 40 8 8
56 40 8 8
32 48 16 16
48 48 16 8
56 48 16 8
64 0 16 8
72 0 16 8
80 0 4 4
84 0 4 8
92 0 4 4
80 4 8 8
88 4 4 8
88 8 4 8
80 12 4 8
88 12 4 8
64 16 8 4
64 24 8 4
68 16 8 8
68 24 8 8
76 16 16 4
80 16 16 8
88 16 8 8
88 24 8 8
96 0 16 4
100 0 8 8
100 8 8 8
108 0 16 4
112 0 16 16
96 16 8 4
96 24 8 4
100 16 4 8
100 20 8 8
100 28 4 8
108 16 16 4
112 16 16 16
64 32 16 16
80 32 8 4
84 32 8 4
80 40 8 8
88 32 16 8
64 48 16 8
72 48 16 8
80 48 4 8
80 52 8 8
80 60 4 8
88 48 16 8
96 32 4 4
96 36 8 4
96 44 4 4
100 32 16 4
104 32 16 8
112 32 16 4
116 32 16 8
124 32 16 4
96 48 8 8
96 56 8 8
104 48 16 4
108 48 16 4
112 48 8 4
116 48 8 4
120 48 8 8
112 56 8 16
128 0 32 8
136 0 32 8
144 0 32 16
160 0 16 16
176 0 16 16
160 16 8 16
160 24 8 8
168 24 8 8
176 16 16 16
128 32 16 32
128 48 16 4
132 48 16 8
140 48 16 4
144 48 8 16
144 56 8 16
160 32 16 8
168 32 16 8
176 32 16 16
160 48 16 8
168 48 16 8
176 48 16 16
192 0 8 8
200 0 8 4
204 0 8 4
192 8 8 16
208 0 8 16
208 8 8 16
192 16 16 4
196 16 16 8
204 16 16 4
208 16 8 4
212 16 8 8
220 16 8 4
208 24 4 8
208 28 4 8
216 24 8 8
224 0 8 4
228 0 8 4
224 8 8 8
232 0 16 4
236 0 16 4
240 0 8 16
240 8 8 16
224 16 4 4
228 16 4 8
236 16 4 4
224 20 2 16
224 22 2 16
224 24 8 16
240 16 8 16
240 24 8 16
192 32 8 8
192 40 4 8
192 44 4 8
200 32 16 8
208 32 16 8
216 32 16 8
192 48 8 16
192 56 8 16
208 48 8 8
208 56 8 8
216 48 8 8
216 56 8 4
220 56 8 4
224 32 16 16
240 32 8 16
240 40 8 8
248 40 8 8
224 48 8 8
232 48 8 8
224 56 8 16
240 48 4 8
240 52 4 8
240 56 8 8
248 48 16 8
256 0 32 32
288 0 32 32
256 32 32 32
288 32 32 32
320 0 32 32
352 0 32 32
320 32 32 32
352 32 32 32
384 0 32 32
416 0 16 32
416 16 16 32
384 32 16 32
384 48 16 32
416 32 32 32
448 0 32 32
480 0 32 32
448 32 32 32
480 32 16 16
496 32 16 8
504 32 16 8
480 48 8 16
480 56 8 16
496 48 16 8
504 48 8 8
504 56 8 8
512 0 32 32
544 0 32 32
512 32 16 16
512 48 16 16
528 32 32 16
544 32 32 32
576 0 32 32
608 0 32 32
576 32 32 16
592 32 32 16
608 32 32 32
640 0 32 32
672 0 32 32
640 32 16 16
656 32 16 16
640 48 4 16
640 52 8 16
640 60 4 16
656 48 16 16
672 32 32 32
704 0 32 32
736 0 32 32
704 32 32 32
736 32 32 32
768 0 32 32
800 0 32 32
768 32 32 32
800 32 32 32
832 0 32 32
864 0 32 32
832 32 16 16
848 32 16 16
832 48 8 16
832 56 4 8
832 60 4 8
840 56 8 8
848 48 16 16
864 32 4 32
864 36 4 32
864 40 8 32
864 48 16 32
896 0 32 16
912 0 32 8
920 0 16 8
920 16 16 8
928 0 8 8
936 0 8 8
928 8 8 8
936 8 8 8
944 0 2 8
944 2 4 8
944 6 2 8
952 0 8 8
944 8 8 16
928 16 8 4
932 16 8 8
940 16 8 4
928 24 8 8
936 24 8 8
944 16 8 16
944 24 4 16
944 28 2 16
944 30 2 16
896 32 16 32
896 48 16 32
928 32 16 32
928 48 16 32
960 0 4 8
960 4 4 8
960 8 8 8
968 0 16 8
976 0 16 16
960 16 16 16
976 16 16 16
992 0 8 4
996 0 8 8
1004 0 8 4
992 8 8 16
992 16 16 16
1008 0 32 8
1016 0 32 4
960 32 4 16
960 36 8 16
960 44 4 16
976 32 4 16
976 36 8 16
976 44 4 16
960 48 16 32
992 32 8 16
992 40 8 4
996 40 8 8
1004 40 8 4
1008 32 16 8
1016 32 16 4
992 48 4 16
992 52 4 4
996 52 4 8
1004 52 4 4
992 56 8 16
1008 48 4 8
1008 52 4 8
1008 56 4 8
1008 60 4 8
1016 48 4 4
1016 52 8 4
1016 60 4 4
0 64 8 32
0 72 8 32
0 80 8 32
0 88 8 16
16 88 8 16
32 64 16 16
48 64 16 16
32 80 16 16
48 80 8 8
48 88 8 8
56 80 16 8
0 96 16 32
0 112 16 16
16 112 16 8
24 112 16 8
32 96 16 16
32 112 16 8
40 112 16 8
48 96 16 8
56 96 16 8
48 112 8 16
48 120 8 16
64 64 8 8
64 72 8 8
72 64 4 4
76 64 4 4
72 68 8 8
72 76 4 8
80 64 4 4
80 68 8 4
80 76 4 4
84 64 4 8
84 68 4 8
84 72 8 8
92 64 16 4
64 80 16 4
68 80 8 8
68 88 2 8
68 90 4 8
68 94 2 8
76 80 16 4
80 80 16 4
84 80 8 4
84 88 8 4
88 80 16 8
96 64 32 32
64 96 8 16
64 104 8 16
80 96 16 4
84 96 16 8
92 96 16 4
64 112 8 32
64 120 8 32
96 96 16 16
112 96 8 16
112 104 8 16
96 112 4 16
96 116 8 4
100 116 8 4
104 116 8 8
96 124 4 16
112 112 8 8
120 112 8 8
112 120 8 8
120 120 8 8
128 64 32 32
160 64 16 16
176 64 8 8
184 64 8 8
176 72 8 16
160 80 16 16
176 80 8 8
184 80 4 4
184 84 4 4
188 80 8 4
176 88 4 8
176 92 4 8
184 88 2 8
184 90 4 8
184 94 2 8
128 96 16 32
128 112 16 32
160 96 16 16
176 96 16 8
184 96 16 8
160 112 16 32
192 64 16 32
192 80 16 32
224 64 16 16
240 64 16 8
248 64 4 8
248 68 8 4
252 68 8 4
248 76 4 8
224 80 16 16
240 80 16 16
192 96 32 32
224 96 16 8
232 96 8 8
232 104 8 8
240 96 16 16
224 112 8 8
232 112 8 8
224 120 8 16
240 112 16 16
256 64 32 32
288 64 32 32
256 96 32 32
288 96 32 32
320 64 32 32
352 64 32 32
320 96 32 32
352 96 32 32
384 64 32 32
416 64 32 32
384 96 16 16
384 112 16 16
400 96 32 16
416 96 16 16
432 96 16 16
416 112 16 16
432 112 16 16
448 64 16 16
464 64 16 8
472 64 16 8
448 80 16 32
480 64 32 32
448 96 32 32
480 96 16 16
496 96 16 16
480 112 16 16
496 112 16 16
512 64 32 32
544 64 16 16
560 64 16 16
544 80 16 16
560 80 8 16
560 88 8 16
512 96 32 32
544 96 32 32
576 64 16 16
592 64 16 16
576 80 16 32
608 64 32 32
576 96 16 16
592 96 16 16
576 112 16 16
592 112 16 16
608 96 16 32
608 112 16 32
640 64 32 8
648 64 32 8
656 64 32 16
672 64 32 32
640 96 32 32
672 96 16 32
672 112 16 32
704 64 32 32
736 64 32 32
704 96 16 32
704 112 16 32
736 96 8 32
736 104 8 16
752 104 8 16
736 112 16 32
768 64 16 32
768 80 8 32
768 88 8 16
784 88 8 16
800 64 8 16
816 64 8 16
800 72 8 16
816 72 8 16
800 80 16 32
768 96 16 16
768 112 16 16
784 96 32 16
800 96 8 16
800 104 8 16
816 96 8 16
816 104 8 16
800 112 16 32
832 64 8 32
832 72 8 32
832 80 8 32
832 88 8 32
864 64 16 32
864 80 16 32
832 96 32 32
864 96 16 32
864 112 8 16
864 120 8 16
880 112 16 16
896 64 8 32
896 72 8 32
896 80 16 32
928 64 16 32
928 80 16 16
944 80 4 16
944 84 8 16
944 92 4 16
896 96 8 16
896 104 8 16
912 96 16 16
896 112 8 16
912 112 8 16
896 120 8 32
928 96 16 16
944 96 16 16
928 112 8 8
928 120 8 8
936 112 8 8
936 120 8 8
944 112 4 16
944 116 8 16
944 124 4 8
952 124 4 4
956 124 4 4
960 64 16 32
960 80 16 16
976 80 8 16
976 88 8 16
992 64 16 16
992 80 4 16
992 84 2 16
992 86 4 16
992 90 2 16
992 92 4 16
1008 64 16 8
1008 80 4 8
1008 84 2 8
1008 86 4 8
1008 90 2 8
1008 92 4 8
1016 64 32 4
960 96 8 16
960 104 8 16
976 96 16 16
960 112 8 8
968 112 8 8
960 120 8 8
968 120 8 8
976 112 8 16
976 120 4 8
984 120 4 8
976 124 4 4
980 124 4 8
988 124 4 4
992 96 16 16
1008 96 16 8
1016 96 16 4
992 112 8 8
992 120 4 8
992 124 4 8
1000 112 16 8
1008 112 16 8
1016 112 16 4
0 128 16 8
8 128 16 8
16 128 16 16
0 144 16 8
8 144 16 8
16 144 4 16
16 148 8 16
16 156 4 16
32 128 32 32
0 160 16 32
0 176 8 32
0 184 8 16
16 184 8 16
32 160 8 32
32 168 8 16
48 168 8 16
32 176 16 32
64 128 32 16
80 128 16 8
80 144 16 8
88 128 32 8
96 128 32 16
112 128 32 4
116 128 32 4
120 128 32 8
64 160 8 16
80 160 8 16
64 168 8 32
64 176 16 32
96 160 32 32
128 128 8 32
128 136 8 16
144 136 8 16
128 144 16 32
160 128 16 8
168 128 8 8
168 136 8 8
176 128 8 8
176 136 8 8
184 128 8 8
184 136 4 8
184 140 4 8
160 144 2 16
160 146 2 16
160 148 4 8
168 148 4 8
160 152 8 16
176 144 2 8
176 146 4 8
176 150 2 8
184 144 2 8
184 146 4 8
184 150 2 8
176 152 8 16
128 160 32 32
160 160 16 4
164 160 16 8
172 160 16 4
176 160 16 8
184 160 16 8
160 176 4 16
160 180 8 16
160 188 4 16
176 176 16 16
192 128 8 16
192 136 8 8
200 136 8 8
208 128 16 16
192 144 16 16
208 144 8 8
216 144 8 8
208 152 8 16
224 128 16 16
240 128 16 16
224 144 4 16
224 148 2 16
224 150 4 16
224 154 2 8
232 154 2 8
224 156 4 16
240 144 8 16
240 152 8 16
192 160 16 32
192 176 4 16
192 180 8 16
192 188 4 16
208 176 8 16
208 184 8 16
224 160 16 4
228 160 16 8
236 160 16 4
240 160 16 8
248 160 16 4
252 160 4 4
252 164 8 4
252 172 4 4
224 176 16 4
228 176 16 8
236 176 16 4
240 176 8 8
248 176 4 8
248 180 4 8
240 184 4 16
240 188 4 16
256 128 32 32
288 128 32 32
256 160 16 16
272 160 16 16
256 176 16 32
288 160 32 32
320 128 16 32
320 144 16 16
336 144 16 16
352 128 16 32
352 144 16 8
360 144 16 8
368 144 16 16
320 160 16 32
320 176 16 32
352 160 8 16
352 168 8 16
352 176 16 16
368 160 32 16
384 128 32 32
416 128 16 32
416 144 16 32
384 160 32 16
400 160 16 8
400 176 16 8
408 160 32 8
416 160 32 32
448 128 32 32
480 128 32 32
448 160 32 16
464 160 16 16
464 176 16 16
480 160 16 8
488 160 16 8
496 160 16 16
480 176 16 32
512 128 8 16
512 136 8 16
528 128 16 16
512 144 16 32
544 128 16 4
548 128 16 8
556 128 16 4
560 128 16 16
544 144 16 32
512 160 16 16
528 160 16 16
512 176 16 32
544 160 4 16
544 164 2 16
544 166 4 16
544 170 2 16
544 172 4 16
560 160 16 16
544 176 16 16
560 176 16 16
576 128 32 32
608 128 16 8
616 128 16 8
624 128 16 16
608 144 16 16
624 144 8 16
624 152 8 8
632 152 8 8
576 160 32 32
608 160 16 32
608 176 16 32
640 128 16 32
640 144 16 32
672 128 16 32
672 144 16 32
640 160 32 32
672 160 32 32
704 128 32 32
736 128 16 32
736 144 16 16
752 144 16 16
704 160 32 32
736 160 32 32
768 128 16 32
768 144 8 16
768 152 8 16
784 144 16 16
800 128 8 32
800 136 8 32
800 144 16 32
768 160 32 32
800 160 4 16
800 164 8 4
804 164 8 4
808 164 8 8
800 172 4 16
816 160 16 16
800 176 16 16
816 176 16 16
832 128 16 16
848 128 16 8
856 128 8 8
856 136 8 8
832 144 4 8
840 144 4 8
832 148 4 4
836 148 4 8
844 148 4 4
832 152 8 16
848 144 16 16
864 128 16 8
872 128 16 8
864 144 16 8
872 144 16 8
880 128 16 16
880 144 16 16
832 160 16 16
848 160 16 8
856 160 16 8
832 176 16 16
848 176 16 4
852 176 8 8
852 184 8 8
860 176 16 4
864 160 8 8
872 160 4 8
872 164 4 4
876 164 4 4
864 168 8 8
872 168 8 8
880 160 16 16
864 176 16 16
880 176 16 16
896 128 16 16
912 128 8 16
912 136 4 16
912 140 4 8
920 140 4 8
896 144 16 16
912 144 16 4
916 144 8 8
916 152 8 8
924 144 16 4
928 128 4 8
936 128 4 8
928 132 8 16
928 140 4 16
944 128 8 8
952 128 8 4
956 128 8 4
944 136 8 16
928 144 16 16
944 144 8 16
944 152 8 16
896 160 16 16
912 160 16 16
896 176 8 16
896 184 8 16
912 176 16 16
928 160 16 16
928 176 16 16
944 160 32 8
952 160 32 4
956 160 32 4
960 128 16 8
968 128 16 8
976 128 8 16
976 136 8 16
960 144 8 16
960 152 8 16
976 144 16 16
992 128 16 16
1008 128 16 8
1016 128 16 4
992 144 8 8
992 152 8 8
1000 144 8 8
1000 152 4 8
1000 156 4 8
1008 144 8 8
1008 152 2 8
1008 154 4 8
1008 158 2 8
1016 144 16 4
960 160 16 4
964 160 16 8
972 160 16 4
976 160 8 16
976 168 8 16
960 176 8 16
960 184 8 16
976 176 16 16
992 160 8 4
996 160 8 8
1004 160 4 4
1004 164 4 4
992 168 8 8
1000 168 8 8
1008 160 8 8
1008 168 8 8
1016 160 8 4
1016 168 4 4
1016 172 4 4
992 176 4 16
992 180 4 4
996 180 4 8
1004 180 4 4
992 184 8 16
1008 176 4 8
1008 180 2 8
1008 182 4 4
1012 182 4 4
1008 186 2 8
1008 188 4 4
1012 188 4 4
1016 176 16 4
0 192 32 32
32 192 32 32
0 224 32 32
32 224 32 32
64 192 32 32
96 192 16 32
96 208 16 32
64 224 32 32
96 224 32 32
128 192 16 32
128 208 16 32
160 192 32 16
176 192 32 16
128 224 32 32
160 224 16 16
176 224 16 16
160 240 16 16
176 240 8 16
176 248 8 8
184 248 8 8
192 192 4 16
192 196 4 16
192 200 8 16
208 192 16 16
192 208 16 16
208 208 8 16
208 216 8 16
224 192 16 16
224 208 16 16
240 192 32 16
192 224 16 8
200 224 8 8
200 232 8 8
208 224 16 16
192 240 4 8
200 240 4 4
204 240 4 4
192 244 8 16
192 252 4 16
208 240 8 8
208 248 8 8
216 240 16 8
224 224 16 32
224 240 16 32
256 192 32 16
272 192 32 16
288 192 16 16
288 208 16 16
304 192 32 8
312 192 32 8
256 224 16 32
256 240 16 32
288 224 8 16
288 232 8 16
304 224 16 16
288 240 8 16
288 248 4 16
288 252 4 16
304 240 8 16
304 248 4 16
304 252 4 16
320 192 32 32
352 192 32 32
320 224 16 16
336 224 16 16
320 240 8 32
320 248 8 32
352 224 16 32
352 240 16 32
384 192 32 32
416 192 16 32
416 208 8 16
416 216 8 16
432 208 8 16
432 216 8 16
384 224 16 32
384 240 16 32
416 224 32 32
448 192 16 32
448 208 16 32
480 192 32 32
448 224 16 32
448 240 16 32
480 224 16 32
480 240 16 32
512 192 8 16
512 200 8 16
528 192 16 8
536 192 16 8
512 208 16 32
544 192 32 32
512 224 16 32
512 240 16 32
544 224 32 32
576 192 32 32
608 192 16 32
608 208 16 32
576 224 32 32
608 224 32 32
640 192 32 32
672 192 16 32
672 208 16 32
640 224 16 32
640 240 16 32
672 224 16 32
672 240 16 32
704 192 16 4
708 192 16 8
716 192 16 4
720 192 16 16
704 208 16 8
712 208 16 4
716 208 16 4
720 208 16 8
728 208 16 8
736 192 32 32
704 224 16 16
720 224 4 16
720 228 8 16
720 236 4 16
704 240 4 16
704 244 8 16
704 252 4 16
720 240 16 16
736 224 32 32
768 192 32 32
800 192 32 32
768 224 32 32
800 224 16 32
800 240 16 32
832 192 32 32
864 192 16 16
880 192 4 8
880 196 4 8
888 192 8 8
880 200 8 16
864 208 16 16
880 208 16 16
832 224 16 32
832 240 16 32
864 224 32 32
896 192 16 16
912 192 8 16
912 200 8 8
920 200 8 8
896 208 16 16
912 208 16 16
928 192 16 16
944 192 16 16
928 208 16 16
944 208 4 16
944 212 8 4
948 212 8 8
956 212 8 4
944 220 4 16
896 224 32 32
928 224 8 32
928 232 8 32
928 240 16 32
960 192 4 8
968 192 4 8
960 196 4 16
960 200 8 16
976 192 16 16
960 208 8 16
960 216 8 16
976 208 16 16
992 192 32 16
1008 192 2 8
1008 194 2 8
1008 196 8 8
1008 204 4 8
1008 208 4 8
1008 212 8 8
1008 220 4 8
1016 192 32 4
960 224 16 16
976 224 16 16
960 240 16 32
992 224 4 4
996 224 4 8
1004 224 4 4
992 228 8 16
992 236 4 16
1008 224 8 8
1008 232 8 8
1016 224 16 4
992 240 16 16
1008 240 16 8
1016 240 16 4
0 256 16 16
0 272 8 16
0 280 8 16
16 256 16 16
16 272 16 8
24 272 16 8
32 256 16 32
32 272 16 32
0 288 32 32
32 288 16 32
32 304 16 32
64 256 16 32
64 272 16 32
96 256 32 32
64 288 16 32
64 304 16 32
96 288 32 16
112 288 32 16
128 256 16 16
144 256 16 16
128 272 16 32
160 256 32 16
176 256 16 4
180 256 16 8
188 256 16 4
176 272 16 16
128 288 32 16
144 288 32 16
160 288 32 16
176 288 16 16
176 304 16 16
192 256 4 8
192 260 4 8
200 256 8 8
192 264 4 8
192 268 4 8
200 264 4 8
200 268 4 8
208 256 4 8
216 256 4 8
208 260 8 8
216 260 4 8
216 264 4 8
208 268 4 16
192 272 16 16
208 272 8 16
208 280 8 16
224 256 8 32
224 264 8 32
224 272 16 16
240 272 16 16
192 288 32 32
224 288 16 32
224 304 16 16
240 304 16 16
256 256 16 32
256 272 16 32
288 256 8 32
288 264 8 32
288 272 16 32
256 288 8 32
256 296 8 32
256 304 16 32
288 288 8 32
288 296 4 32
288 300 4 32
288 304 16 32
320 256 32 32
352 256 16 32
352 272 16 32
320 288 16 16
336 288 16 16
320 304 4 32
320 308 4 32
320 312 8 32
352 288 16 32
352 304 8 16
368 304 8 16
352 312 8 16
368 312 8 16
384 256 16 32
384 272 16 32
416 256 16 32
416 272 16 16
432 272 16 16
384 288 8 16
384 296 8 16
400 288 16 16
384 304 16 32
416 288 16 16
432 288 16 16
416 304 16 16
432 304 16 16
448 256 16 32
448 272 16 32
480 256 32 32
448 288 16 32
448 304 16 32
480 288 32 32
512 256 32 32
544 256 16 16
560 256 16 16
544 272 16 32
512 288 16 32
512 304 16 8
520 304 16 8
528 304 16 16
544 288 32 32
576 256 16 32
576 272 16 32
608 256 32 32
576 288 32 32
608 288 32 32
640 256 32 32
672 256 16 32
672 272 16 32
640 288 32 32
672 288 16 16
688 288 16 16
672 304 16 32
704 256 16 16
720 256 16 16
704 272 16 16
720 272 16 16
736 256 32 32
704 288 16 16
720 288 8 16
720 296 8 16
704 304 16 32
736 288 16 16
752 288 16 16
736 304 16 32
768 256 16 32
768 272 16 32
800 256 16 32
800 272 16 32
768 288 16 32
768 304 8 32
768 312 8 16
784 312 8 16
800 288 32 32
832 256 16 32
832 272 16 32
864 256 16 32
864 272 16 32
832 288 32 32
864 288 32 32
896 256 8 32
896 264 8 32
896 272 16 16
912 272 4 16
912 276 8 16
912 284 4 16
928 256 8 32
928 264 8 32
928 272 16 16
944 272 16 16
896 288 32 32
928 288 32 32
960 256 16 32
960 272 8 32
960 280 8 32
992 256 16 16
1008 256 16 8
1016 256 16 4
992 272 8 8
992 280 8 8
1000 272 16 8
1008 272 16 8
1016 272 16 4
960 288 32 32
992 288 16 16
992 304 16 16
1008 288 32 8
1016 288 16 4
1016 304 16 4
0 320 32 32
32 320 32 32
0 352 32 32
32 352 32 32
64 320 16 32
64 336 16 32
96 320 32 16
112 320 16 8
112 336 16 8
120 320 32 8
64 352 16 16
80 352 16 8
88 352 16 8
64 368 16 32
96 352 16 32
96 368 16 16
112 368 16 8
120 368 16 8
128 320 16 8
128 336 16 8
136 320 16 8
136 336 16 8
144 320 32 8
152 320 16 8
152 336 16 8
160 320 16 8
168 320 16 8
176 320 16 16
160 336 16 16
176 336 16 8
184 336 16 8
128 352 16 8
136 352 16 8
144 352 16 16
128 368 8 16
128 376 8 16
144 368 8 16
144 376 8 16
160 352 32 4
164 352 32 4
168 352 32 8
176 352 32 16
192 320 16 32
192 336 16 16
208 336 16 16
224 320 32 32
192 352 32 32
224 352 16 16
240 352 8 16
240 360 8 16
224 368 16 4
228 368 16 8
236 368 16 4
240 368 16 8
248 368 16 8
256 320 16 32
256 336 16 32
288 320 16 32
288 336 16 32
256 352 32 32
288 352 32 32
320 320 16 32
320 336 16 32
352 320 16 32
352 336 8 16
352 344 8 16
368 336 8 16
368 344 8 16
320 352 16 32
320 368 16 32
352 352 32 32
384 320 32 32
416 320 8 16
416 328 8 16
432 320 8 16
432 328 8 16
416 336 16 32
384 352 32 32
416 352 32 32
448 320 32 32
480 320 32 32
448 352 32 32
480 352 32 32
512 320 32 32
544 320 32 32
512 352 32 32
544 352 32 32
576 320 16 32
576 336 16 32
608 320 32 32
576 352 32 32
608 352 32 32
640 320 16 32
640 336 16 32
672 320 32 32
640 352 32 32
672 352 32 32
704 320 32 32
736 320 16 32
736 336 8 16
736 344 8 16
752 336 16 8
760 336 16 8
704 352 16 32
704 368 16 32
736 352 16 32
736 368 16 32
768 320 32 32
800 320 16 32
800 336 16 32
768 352 4 16
768 356 8 16
768 364 4 4
772 364 4 8
780 364 4 4
784 352 16 16
768 368 4 8
776 368 4 8
768 372 8 16
768 380 4 16
784 368 16 16
800 352 32 32
832 320 8 32
832 328 8 32
832 336 16 32
864 320 8 32
864 328 8 32
864 336 16 8
872 336 16 8
880 336 16 16
832 352 32 16
848 352 16 16
848 368 16 16
864 352 16 16
880 352 16 16
864 368 16 16
880 368 16 8
888 368 8 8
888 376 4 8
888 380 4 8
896 320 4 32
896 324 4 32
896 328 8 32
896 336 16 32
928 320 16 16
928 336 16 16
944 320 32 16
896 352 8 16
896 360 8 16
912 352 16 16
896 368 8 16
896 376 4 16
896 380 4 8
904 380 4 8
912 368 8 8
920 368 8 8
912 376 8 8
920 376 8 8
928 352 32 32
960 320 32 16
976 320 8 16
976 328 8 16
976 336 16 16
992 320 8 8
1000 320 8 8
992 328 8 16
992 336 16 16
1008 320 8 8
1008 328 4 8
1008 332 4 8
1008 336 16 8
1016 320 32 4
960 352 32 32
992 352 32 16
1008 352 32 8
1016 352 32 4
0 384 32 32
32 384 32 32
0 416 32 32
32 416 32 32
64 384 32 32
96 384 16 16
112 384 4 8
120 384 4 8
112 388 4 8
120 388 4 8
112 392 8 16
96 400 8 8
96 408 8 8
104 400 16 8
112 400 16 16
64 416 32 32
96 416 32 32
128 384 32 32
160 384 16 16
160 400 16 16
176 384 32 16
128 416 16 16
144 416 16 16
128 432 4 8
128 436 8 8
128 444 2 8
128 446 2 8
136 432 16 8
144 432 16 16
160 416 16 16
176 416 8 8
184 416 4 8
184 420 4 8
176 424 8 16
160 432 16 4
164 432 8 8
164 440 8 4
168 440 8 4
172 432 8 4
172 440 8 4
176 432 8 16
176 440 8 4
180 440 8 4
184 440 4 8
184 444 4 8
192 384 16 16
208 384 16 16
192 400 16 16
208 400 16 8
216 400 16 8
224 384 16 8
232 384 16 8
240 384 16 16
224 400 16 32
192 416 32 32
224 416 16 16
240 416 8 16
240 424 8 4
244 424 8 8
252 424 8 4
224 432 8 16
224 440 4 8
232 440 4 8
224 444 4 4
228 444 4 8
236 444 4 4
240 432 4 8
240 436 4 4
244 436 4 4
248 432 8 4
252 432 8 4
240 440 4 4
244 440 4 4
240 444 4 8
248 440 8 8
256 384 32 32
288 384 8 16
288 392 8 16
304 384 8 16
304 392 8 16
288 400 8 8
288 408 8 4
292 408 8 4
296 400 4 8
296 404 8 8
296 412 4 8
304 400 8 16
304 408 8 16
256 416 4 4
256 420 8 4
256 428 4 4
260 416 8 8
260 424 4 8
260 428 4 8
268 416 8 4
268 424 8 4
272 416 8 4
276 416 8 4
280 416 8 8
272 424 8 16
256 432 16 16
272 432 16 16
288 416 16 16
304 416 16 16
288 432 16 16
304 432 16 8
312 432 16 8
320 384 4 16
320 388 4 16
320 392 4 16
320 396 4 16
336 384 8 16
336 392 8 16
320 400 4 16
320 404 4 16
320 408 8 16
336 400 4 8
336 404 4 8
344 400 8 8
336 408 4 16
336 412 4 16
352 384 4 16
352 388 8 16
352 396 4 16
368 384 8 16
368 392 8 16
352 400 4 16
352 404 8 16
352 412 4 16
368 400 8 16
368 408 8 16
320 416 32 32
352 416 16 16
368 416 16 16
352 432 8 32
352 440 8 32
384 384 8 16
384 392 8 16
400 384 16 16
384 400 8 16
384 408 8 16
400 400 16 16
416 384 8 16
416 392 8 16
432 384 8 8
432 392 8 8
440 384 16 8
416 400 16 8
424 400 16 8
432 400 16 4
436 400 16 8
444 400 16 4
384 416 16 16
400 416 8 16
400 424 8 16
384 432 16 32
416 416 8 16
416 424 2 8
416 426 4 8
416 430 2 8
424 424 4 8
424 428 4 8
432 416 16 16
416 432 8 16
416 440 8 16
432 432 8 4
432 440 8 4
436 432 16 4
440 432 16 4
444 432 16 4
448 384 16 16
464 384 16 16
448 400 16 8
456 400 16 8
464 400 16 16
480 384 16 16
496 384 8 16
496 392 8 16
480 400 16 16
496 400 16 16
448 416 16 4
452 416 16 8
460 416 16 4
464 416 16 16
448 432 16 16
464 432 16 16
480 416 16 16
496 416 16 16
480 432 16 16
496 432 16 4
500 432 16 8
508 432 16 4
512 384 16 8
520 384 16 8
528 384 8 16
528 392 8 16
512 400 16 8
520 400 16 8
528 400 16 16
544 384 16 8
552 384 16 8
560 384 16 8
568 384 16 8
544 400 16 16
560 400 16 4
564 400 16 8
572 400 16 4
512 416 16 16
528 416 16 16
512 432 16 16
528 432 16 4
532 432 16 8
540 432 16 4
544 416 16 8
552 416 16 8
560 416 16 8
568 416 16 8
544 432 16 8
552 432 16 8
560 432 16 8
568 432 16 8
576 384 16 16
592 384 16 16
576 400 16 8
584 400 16 8
592 400 16 16
608 384 16 32
608 400 16 16
624 400 16 4
628 400 16 8
636 400 16 4
576 416 16 8
584 416 16 8
592 416 16 16
576 432 16 8
584 432 16 8
592 432 16 16
608 416 16 4
612 416 16 8
620 416 16 4
624 416 4 4
628 416 4 8
636 416 4 4
624 420 4 8
624 424 4 8
632 420 8 8
624 428 4 16
608 432 16 16
624 432 4 8
632 432 4 8
624 436 8 8
632 436 8 8
624 444 4 16
640 384 8 16
640 392 8 8
648 392 8 8
656 384 8 8
656 392 8 8
664 384 16 8
640 400 8 8
648 400 8 8
640 408 8 16
656 400 8 16
656 408 8 16
672 384 16 16
688 384 8 16
688 392 8 16
672 400 8 16
672 408 8 16
688 400 8 16
688 408 8 16
640 416 32 32
672 416 8 16
688 416 8 16
672 424 8 32
672 432 16 32
704 384 32 32
736 384 16 16
752 384 4 16
752 388 8 8
760 388 8 8
752 396 4 16
736 400 16 16
752 400 16 16
704 416 16 16
720 416 4 16
720 420 8 16
720 428 4 16
704 432 16 16
720 432 16 8
728 432 4 8
728 436 4 8
728 440 8 8
736 416 16 16
752 416 16 16
736 432 4 8
736 436 4 8
744 432 8 8
736 440 8 8
744 440 4 8
744 444 4 8
752 432 8 16
752 440 4 16
752 444 4 16
768 384 16 16
784 384 8 8
792 384 8 8
784 392 8 8
792 392 4 8
792 396 4 8
768 400 16 16
784 400 16 16
800 384 4 16
800 388 8 16
800 396 4 16
816 384 16 16
800 400 16 32
768 416 16 16
784 416 16 16
768 432 16 16
784 432 16 16
800 416 16 32
800 432 16 32
832 384 16 32
832 400 4 32
832 404 4 32
832 408 8 32
864 384 8 16
864 392 8 16
880 384 16 8
888 384 16 8
864 400 16 16
880 400 16 8
888 400 16 8
832 416 16 16
848 416 8 4
852 416 8 8
860 416 8 4
848 424 8 16
832 432 16 16
848 432 16 16
864 416 16 16
880 416 4 8
880 420 8 8
880 428 4 8
888 416 16 8
864 432 8 16
864 440 8 16
880 432 16 8
888 432 16 8
896 384 16 8
904 384 8 8
904 392 8 8
912 384 16 8
920 384 16 8
896 400 16 4
900 400 16 8
908 400 16 4
912 400 16 16
928 384 32 32
896 416 16 8
904 416 16 8
912 416 16 16
896 432 16 16
912 432 16 8
920 432 8 8
920 440 8 8
928 416 16 16
944 416 4 16
944 420 8 16
944 428 4 8
952 428 4 4
956 428 4 4
928 432 8 16
928 440 4 4
932 440 4 8
940 440 4 4
928 444 4 8
936 444 4 8
944 432 16 8
952 432 8 8
952 440 8 8
960 384 16 16
976 384 16 16
960 400 4 8
960 404 8 4
964 404 8 4
960 412 4 8
968 400 4 4
968 404 8 4
968 412 4 4
972 400 8 4
972 408 8 4
976 400 16 16
992 384 32 16
1008 384 32 8
1016 384 32 4
960 416 8 8
968 416 2 8
968 418 2 8
968 420 4 8
960 424 8 8
968 424 4 4
972 424 4 4
968 428 4 4
972 428 4 4
976 416 8 8
976 424 4 8
976 428 4 8
984 416 8 4
984 424 8 4
988 416 8 4
988 424 8 4
960 432 8 8
968 432 8 4
972 432 8 4
960 440 8 4
964 440 4 4
964 444 4 4
968 440 8 8
976 432 16 8
984 432 4 4
984 436 8 4
984 444 4 4
988 432 8 4
988 440 8 4
992 416 8 4
992 424 8 4
996 416 8 4
996 424 8 4
1000 416 8 4
1004 416 8 4
1000 424 8 8
1008 416 16 4
1012 416 16 4
1016 416 16 4
992 432 8 4
992 440 8 4
996 432 8 4
996 440 8 4
1000 432 8 8
1000 440 8 4
1004 440 8 4
1008 432 16 4
1012 432 8 4
1012 440 8 4
1016 432 16 4
0 448 32 32
32 448 16 16
48 448 8 16
48 456 8 16
32 464 8 8
32 472 8 8
40 464 4 8
40 468 4 8
40 472 8 8
48 464 16 16
0 480 32 16
16 480 16 16
16 496 8 16
16 504 8 16
32 480 16 16
48 480 16 16
32 496 16 32
64 448 32 32
96 448 16 8
104 448 16 8
112 448 8 16
112 456 8 16
96 464 16 16
112 464 16 8
120 464 16 8
64 480 16 16
80 480 16 16
64 496 16 16
80 496 16 16
96 480 16 8
104 480 8 8
104 488 8 8
112 480 4 8
112 484 8 8
112 492 4 8
120 480 16 8
96 496 16 8
104 496 16 8
112 496 16 16
128 448 16 8
136 448 16 8
128 464 16 16
144 448 32 16
160 448 32 32
128 480 8 8
128 488 8 8
136 480 4 8
136 484 8 8
136 492 4 8
144 480 8 16
144 488 8 16
128 496 16 16
144 496 16 16
160 480 4 16
160 484 4 16
160 488 8 16
176 480 16 16
160 496 16 16
176 496 16 16
192 448 16 32
192 464 16 8
200 464 16 8
208 464 16 4
212 464 16 8
220 464 16 4
224 448 4 4
228 448 4 4
224 452 4 8
232 448 8 8
224 456 8 8
232 456 8 8
240 448 16 16
224 464 16 16
240 464 16 16
192 480 16 8
200 480 16 8
208 480 16 8
216 480 16 4
220 480 16 4
192 496 16 16
208 496 16 16
224 480 16 32
224 496 8 16
224 504 8 16
240 496 16 16
256 448 32 32
288 448 32 32
256 480 32 32
288 480 8 16
288 488 8 16
304 480 16 16
288 496 16 32
320 448 32 16
336 448 32 16
352 448 32 32
320 480 32 16
336 480 32 16
352 480 16 32
352 496 16 32
384 448 32 16
400 448 16 16
400 464 16 16
416 448 16 16
432 448 16 8
440 448 8 4
444 448 8 4
440 456 8 8
416 464 16 16
432 464 16 4
436 464 8 4
436 472 8 4
440 464 16 8
384 480 32 16
400 480 32 16
416 480 16 16
432 480 16 4
436 480 16 8
444 480 16 4
416 496 16 4
420 496 16 8
428 496 16 4
432 496 16 4
436 496 16 8
444 496 16 4
448 448 16 16
464 448 16 16
448 464 16 16
464 464 16 16
480 448 32 32
448 480 32 32
480 480 16 16
496 480 8 16
496 488 8 16
480 496 8 16
480 504 8 16
496 496 16 16
512 448 32 32
544 448 32 32
512 480 16 16
528 480 16 4
532 480 16 8
540 480 16 4
512 496 16 8
520 496 16 8
528 496 16 16
544 480 16 8
552 480 16 8
560 480 16 16
544 496 16 8
552 496 16 8
560 496 16 4
564 496 16 8
572 496 16 4
576 448 32 32
608 448 16 16
624 448 8 16
624 456 4 8
624 460 4 8
632 456 8 8
608 464 16 16
624 464 16 16
576 480 16 32
576 496 16 8
584 496 16 8
592 496 16 16
608 480 16 16
624 480 16 16
608 496 16 16
624 496 16 16
640 448 32 32
672 448 32 32
640 480 32 32
672 480 32 32
704 448 32 32
736 448 32 16
752 448 32 8
760 448 16 8
760 464 16 8
704 480 32 16
720 480 32 16
736 480 16 32
736 496 16 16
752 496 16 16
768 448 4 8
768 452 4 4
772 452 4 4
776 448 2 8
776 450 4 8
776 454 2 8
768 456 8 8
776 456 8 4
780 456 4 4
780 460 4 4
784 448 8 8
792 448 8 8
784 456 4 4
784 460 4 4
788 456 8 4
792 456 8 4
796 456 4 4
796 460 4 4
768 464 16 16
784 464 16 16
800 448 4 8
800 452 8 8
800 460 4 8
808 448 16 8
816 448 16 16
800 464 4 4
800 468 4 4
800 472 8 4
804 464 8 8
804 472 8 8
812 464 8 4
812 472 8 4
816 464 8 8
824 464 4 8
824 468 4 8
816 472 8 8
824 472 8 8
768 480 32 16
784 480 32 16
800 480 32 32
832 448 4 16
832 452 8 16
832 460 4 16
848 448 8 16
848 456 8 16
832 464 4 8
840 464 4 8
832 468 4 16
832 472 8 16
848 464 4 8
848 468 4 8
848 472 8 8
856 464 16 8
864 448 16 16
880 448 16 16
864 464 16 16
880 464 16 4
884 464 8 8
884 472 8 8
892 464 16 4
832 480 32 32
864 480 16 16
880 480 16 16
864 496 16 8
872 496 8 8
872 504 8 8
880 496 4 16
880 500 4 16
880 504 8 16
896 448 16 16
912 448 16 16
896 464 8 8
904 464 8 8
896 472 8 4
900 472 4 4
900 476 4 4
904 472 8 8
912 464 2 16
912 466 2 16
912 468 4 16
912 472 8 16
928 448 16 8
936 448 4 8
936 452 8 8
936 460 4 8
944 448 4 8
944 452 4 4
948 452 4 4
952 448 8 8
944 456 8 8
952 456 8 4
956 456 8 4
928 464 4 8
928 468 8 8
928 476 4 4
932 476 4 4
936 464 8 8
936 472 8 8
944 464 8 8
952 464 8 8
944 472 8 8
952 472 4 8
952 476 4 8
896 480 16 8
904 480 4 8
904 484 8 8
904 492 4 8
912 480 16 8
920 480 4 8
920 484 8 8
920 492 4 4
924 492 4 4
896 496 16 16
912 496 4 8
912 500 4 8
912 504 8 8
920 496 16 8
928 480 4 8
936 480 4 4
940 480 4 4
928 484 8 16
928 492 4 4
932 492 4 8
940 492 4 4
944 480 4 4
948 480 4 4
944 484 4 4
948 484 4 4
952 480 8 8
944 488 4 4
944 492 4 4
948 488 8 4
952 488 4 4
956 488 4 4
952 492 4 4
956 492 4 4
928 496 8 4
932 496 8 4
936 496 8 8
928 504 8 16
944 496 2 8
944 498 2 8
944 500 8 8
944 508 4 8
952 496 16 8
960 448 8 4
960 456 8 4
964 448 4 8
964 452 4 8
964 456 8 8
972 448 16 4
976 448 16 4
980 448 16 8
988 448 8 4
988 456 8 4
960 464 4 4
960 468 8 4
960 476 4 4
964 464 8 4
968 464 8 4
964 472 8 4
968 472 8 4
972 464 16 4
976 464 8 8
976 472 8 8
984 464 4 4
984 468 8 4
984 476 4 4
988 464 8 4
988 472 8 4
992 448 4 8
992 452 4 8
992 456 8 8
1000 448 8 4
1000 456 8 4
1004 448 16 4
1008 448 16 8
1016 448 16 4
992 464 16 8
1000 464 16 4
1004 464 16 4
1008 464 16 8
1016 464 16 4
960 480 32 32
992 480 16 16
1008 480 8 8
1008 488 4 8
1008 492 4 4
1012 492 4 4
1016 480 16 4
992 496 16 8
1000 496 8 8
1000 504 8 8
1008 496 16 4
1012 496 16 4
1016 496 16 4
0 512 32 32
32 512 16 16
48 512 16 8
56 512 16 8
32 528 16 32
0 544 16 32
0 560 16 16
16 560 16 8
24 560 16 8
32 544 16 32
32 560 16 32
64 512 8 16
64 520 8 16
80 512 16 8
88 512 16 8
64 528 8 16
64 536 8 16
80 528 16 16
96 512 16 16
96 528 16 4
100 528 16 8
108 528 16 4
112 512 32 16
64 544 16 16
80 544 16 8
88 544 16 8
64 560 16 16
80 560 16 16
96 544 32 32
128 512 16 16
144 512 16 16
128 528 16 8
136 528 16 8
144 528 16 16
160 512 32 32
128 544 16 32
128 560 16 16
144 560 16 16
160 544 16 16
176 544 8 16
176 552 4 16
176 556 4 4
180 556 4 8
188 556 4 4
160 560 16 16
176 560 16 16
192 512 16 16
208 512 8 8
216 512 8 8
208 520 8 4
212 520 8 4
216 520 8 8
192 528 16 16
208 528 16 8
216 528 16 8
224 512 32 32
192 544 16 32
192 560 16 32
224 544 8 8
224 552 8 8
232 544 16 8
240 544 8 16
240 552 8 16
224 560 8 8
224 568 8 8
232 560 16 8
240 560 16 16
256 512 16 16
272 512 16 16
256 528 16 16
272 528 16 16
288 512 32 8
296 512 32 4
300 512 32 4
304 512 32 8
312 512 16 8
312 528 16 8
256 544 8 16
256 552 8 8
264 552 8 4
268 552 8 4
272 544 8 16
272 552 8 4
276 552 8 8
284 552 8 4
256 560 16 8
264 560 8 4
264 568 8 4
268 560 16 4
272 560 16 16
288 544 8 8
296 544 8 8
288 552 8 16
304 544 16 16
288 560 16 8
296 560 16 8
304 560 16 16
320 512 16 16
320 528 16 16
336 512 16 16
336 528 16 16
352 512 32 32
320 544 16 16
336 544 8 8
344 544 8 8
336 552 8 16
320 560 16 16
336 560 16 16
352 544 32 16
368 544 32 16
384 512 16 32
384 528 8 16
400 528 8 16
384 536 8 16
400 536 8 16
416 512 16 8
424 512 4 8
424 516 8 8
424 524 4 8
432 512 16 16
416 528 16 4
420 528 16 8
428 528 16 4
432 528 16 16
384 544 16 8
392 544 16 8
400 544 16 16
384 560 16 8
392 560 16 8
400 560 8 16
400 568 8 16
416 544 16 8
424 544 16 8
432 544 16 16
416 560 16 4
420 560 16 8
428 560 16 4
432 560 16 16
448 512 32 32
480 512 16 32
480 528 16 4
484 528 16 8
492 528 16 4
496 528 16 8
504 528 16 8
448 544 32 32
480 544 16 8
488 544 16 8
496 544 16 8
504 544 8 8
504 552 8 8
480 560 16 8
488 560 16 8
496 560 16 16
512 512 16 8
520 512 16 4
524 512 16 4
528 512 16 8
536 512 16 8
512 528 16 4
516 528 16 8
524 528 16 4
528 528 16 16
544 512 16 16
560 512 16 8
568 512 4 8
568 516 4 8
568 520 8 8
544 528 16 16
560 528 16 8
568 528 16 8
512 544 16 8
520 544 4 4
520 548 8 4
520 556 4 4
524 544 16 4
528 544 16 16
512 560 8 8
520 560 8 4
524 560 8 4
512 568 8 4
516 568 8 4
520 568 8 4
524 568 8 4
528 560 16 16
544 544 16 16
560 544 16 8
568 544 16 8
544 560 16 16
560 560 16 4
564 560 16 8
572 560 16 4
576 512 32 32
608 512 32 32
576 544 16 16
592 544 16 16
576 560 16 16
592 560 16 16
608 544 32 32
640 512 32 32
672 512 32 32
640 544 32 32
672 544 32 32
704 512 32 32
736 512 16 16
752 512 16 16
736 528 8 16
736 536 8 16
752 528 16 16
704 544 32 32
736 544 32 32
768 512 16 16
768 528 16 16
784 512 32 16
800 512 32 16
816 512 32 8
824 512 32 8
768 544 16 32
768 560 16 32
800 544 32 16
816 544 32 16
832 512 16 16
848 512 8 4
852 512 8 8
860 512 8 4
848 520 4 4
852 520 4 8
860 520 4 4
848 524 4 16
832 528 16 16
848 528 16 16
864 512 4 16
864 516 4 8
872 516 4 8
864 520 8 16
880 512 4 16
880 516 4 16
880 520 8 16
864 528 16 8
872 528 8 8
872 536 4 8
872 540 4 8
880 528 8 8
880 536 8 8
888 528 16 8
832 544 32 32
864 544 8 4
868 544 4 4
868 548 4 4
872 544 4 8
872 548 4 8
864 552 8 8
872 552 8 8
880 544 8 16
880 552 4 16
880 556 4 16
864 560 16 16
880 560 4 16
880 564 2 16
880 566 4 16
880 570 2 16
880 572 4 16
896 512 4 16
896 516 4 8
896 520 4 8
904 516 8 8
896 524 4 16
912 512 8 8
920 512 8 8
912 520 8 16
896 528 4 8
904 528 4 8
896 532 4 16
896 536 8 16
912 528 8 16
912 536 4 16
912 540 4 16
928 512 8 4
932 512 8 4
936 512 8 8
928 520 8 16
944 512 4 8
944 516 8 8
944 524 4 8
952 512 8 4
952 520 8 4
956 512 16 4
928 528 8 4
932 528 8 4
936 528 4 8
936 532 4 8
928 536 4 16
928 540 4 16
944 528 8 4
944 536 8 4
948 528 16 8
956 528 16 4
896 544 4 8
904 544 4 8
896 548 4 8
904 548 4 8
896 552 4 8
896 556 4 8
904 552 8 8
912 544 8 8
912 552 4 8
912 556 4 8
920 544 16 8
896 560 8 16
896 568 2 8
896 570 4 8
896 574 2 8
904 568 4 8
904 572 4 8
912 560 4 16
912 564 8 8
920 564 8 4
924 564 8 4
912 572 4 8
920 572 4 8
928 544 8 16
928 552 8 16
944 544 8 8
944 552 8 8
952 544 8 8
952 552 8 8
928 560 4 16
928 564 4 16
928 568 8 8
936 568 8 8
944 560 4 8
944 564 8 4
948 564 8 4
944 572 4 8
952 560 8 8
952 568 4 8
952 572 4 8
960 512 16 8
968 512 8 8
968 520 8 8
976 512 8 8
976 520 8 8
984 512 8 4
988 512 8 4
984 520 4 8
984 524 4 8
960 528 16 4
964 528 16 4
968 528 16 8
976 528 16 16
992 512 8 16
992 520 8 8
1000 520 8 8
1008 512 8 8
1008 520 8 8
1016 512 16 4
992 528 16 8
1000 528 8 4
1004 528 8 4
1000 536 8 8
1008 528 16 8
1016 528 8 4
1016 536 8 4
960 544 8 16
960 552 8 8
968 552 8 8
976 544 4 8
984 544 4 8
976 548 4 8
984 548 4 8
976 552 8 8
984 552 8 8
960 560 16 4
964 560 8 8
964 568 8 8
972 560 16 4
976 560 8 8
976 568 4 8
976 572 4 8
984 560 16 8
992 544 16 8
1000 544 16 8
1008 544 16 8
1016 544 16 4
992 560 16 16
1008 560 8 8
1008 568 8 8
1016 560 16 4
0 576 16 16
16 576 16 16
0 592 16 32
32 576 16 32
32 592 16 32
0 608 16 16
16 608 8 16
16 616 8 16
0 624 16 8
8 624 16 8
16 624 8 16
16 632 8 16
32 608 16 16
48 608 16 8
56 608 16 8
32 624 16 4
36 624 16 8
44 624 16 4
48 624 4 16
48 628 8 16
48 636 4 16
64 576 32 16
80 576 32 16
96 576 8 32
96 584 8 16
112 584 8 16
96 592 16 16
112 592 4 16
112 596 8 16
112 604 4 16
64 608 16 16
80 608 16 16
64 624 8 8
72 624 8 8
64 632 8 16
80 624 2 8
80 626 4 8
80 630 2 8
80 632 8 8
88 624 8 4
92 624 8 4
88 632 8 8
96 608 4 8
96 612 4 8
104 608 8 8
96 616 4 16
96 620 4 16
112 608 4 8
120 608 4 8
112 612 4 16
112 616 8 4
116 616 8 4
120 616 8 8
96 624 8 16
96 632 8 16
112 624 16 16
128 576 4 8
136 576 4 8
128 580 8 4
132 580 8 8
140 580 8 4
128 588 4 16
144 576 16 16
128 592 8 16
128 600 8 16
144 592 2 8
144 594 4 8
144 598 2 8
152 592 4 8
152 596 4 8
144 600 8 16
160 576 8 8
160 584 4 8
160 588 4 8
168 576 8 8
168 584 8 8
176 576 8 8
176 584 4 8
176 588 4 8
184 576 16 4
188 576 16 4
160 592 16 16
176 592 16 16
128 608 32 32
160 608 16 16
176 608 16 16
160 624 16 32
192 576 4 16
192 580 8 8
200 580 8 4
204 580 8 4
192 588 4 16
208 576 16 16
192 592 8 16
192 600 8 16
208 592 16 16
224 576 8 8
232 576 8 8
224 584 8 8
232 584 8 4
236 584 8 4
240 576 16 4
244 576 16 8
252 576 16 4
224 592 8 8
224 600 8 8
232 592 16 8
240 592 16 8
248 592 16 8
192 608 16 4
196 608 8 4
196 616 8 4
200 608 8 8
200 616 2 8
200 618 4 8
200 622 2 8
208 608 8 8
216 608 8 8
208 616 8 16
192 624 16 16
208 624 8 16
208 632 8 8
216 632 8 8
224 608 4 4
224 612 8 4
224 620 4 4
228 608 16 8
236 608 16 4
240 608 16 16
224 624 4 8
224 628 4 8
224 632 8 8
232 624 16 8
240 624 16 16
256 576 32 32
288 576 16 16
304 576 16 16
288 592 16 16
304 592 8 16
304 600 8 16
256 608 16 16
272 608 16 16
256 624 16 16
272 624 16 16
288 608 16 8
296 608 16 8
304 608 4 16
304 612 8 16
304 620 4 16
288 624 4 32
288 628 4 32
288 632 8 16
304 632 8 16
320 576 16 16
336 576 16 16
320 592 8 8
328 592 8 8
320 600 8 8
328 600 8 8
336 592 16 16
352 576 32 16
368 576 16 8
376 576 16 8
368 592 8 16
368 600 8 16
320 608 16 8
328 608 16 8
336 608 16 16
320 624 4 16
320 628 8 16
320 636 4 16
336 624 16 16
352 608 16 32
352 624 16 32
384 576 16 8
392 576 16 8
400 576 16 16
384 592 8 8
384 600 4 8
384 604 4 8
392 592 16 8
400 592 16 16
416 576 32 4
420 576 32 4
424 576 32 8
432 576 32 16
384 608 16 16
400 608 16 8
408 608 16 8
384 624 16 4
388 624 8 4
388 632 8 4
392 624 8 8
392 632 8 8
400 624 4 16
400 628 8 16
400 636 4 16
416 608 32 32
448 576 16 16
464 576 16 16
448 592 16 32
480 576 32 16
496 576 32 16
448 608 32 32
480 608 32 16
496 608 32 16
512 576 16 4
516 576 16 4
520 576 16 4
524 576 16 4
528 576 16 16
512 592 4 4
512 596 8 4
512 604 4 4
516 592 16 4
520 592 16 8
528 592 16 16
544 576 32 32
512 608 8 4
516 608 8 4
512 616 8 8
520 608 16 8
528 608 16 16
512 624 16 4
516 624 16 8
524 624 16 4
528 624 16 16
544 608 16 8
552 608 16 4
556 608 16 4
560 608 16 16
544 624 16 4
548 624 16 8
556 624 16 4
560 624 8 4
560 632 8 4
564 624 16 4
568 624 16 4
572 624 8 4
572 632 8 4
576 576 32 32
608 576 32 32
576 608 8 4
580 608 8 8
588 608 4 4
588 612 4 4
576 616 4 4
580 616 4 8
588 616 4 4
576 620 4 16
592 608 8 8
592 616 8 4
596 616 8 4
600 608 16 4
604 608 16 4
576 624 8 16
576 632 8 16
592 624 8 16
592 632 8 16
608 608 32 32
640 576 32 32
672 576 32 32
640 608 16 32
640 624 8 32
640 632 8 32
672 608 32 32
704 576 16 32
704 592 16 16
720 592 8 16
720 600 8 16
736 576 32 32
704 608 32 16
720 608 32 16
736 608 32 32
768 576 16 32
768 592 16 32
800 576 16 32
800 592 16 16
816 592 16 16
768 608 16 32
768 624 16 32
800 608 32 32
832 576 32 16
848 576 32 8
856 576 32 8
864 576 8 16
864 584 8 8
872 584 4 8
872 588 4 8
880 576 8 16
880 584 4 16
880 588 4 8
888 588 4 8
864 592 8 8
872 592 2 8
872 594 4 8
872 598 2 8
864 600 4 4
868 600 4 4
864 604 4 4
868 604 4 4
872 600 4 8
872 604 4 4
876 604 4 4
880 592 8 16
880 600 8 16
832 608 16 8
840 608 8 8
840 616 8 8
848 608 8 8
856 608 8 8
848 616 8 8
856 616 8 8
832 624 16 8
840 624 16 4
844 624 16 4
848 624 16 4
852 624 4 4
852 628 8 4
852 636 4 4
856 624 16 8
864 608 4 8
864 612 4 8
872 608 8 4
876 608 8 4
864 616 8 4
868 616 8 4
872 616 8 8
880 608 8 8
888 608 8 8
880 616 8 8
888 616 4 8
888 620 4 8
864 624 4 8
864 628 4 8
872 624 4 8
872 628 4 8
864 632 8 16
880 624 8 8
888 624 4 8
888 628 4 8
880 632 4 8
880 636 4 8
888 632 8 8
896 576 4 16
896 580 8 8
904 580 8 8
896 588 4 16
912 576 4 8
920 576 4 8
912 580 4 8
912 584 4 8
920 580 8 8
912 588 4 4
916 588 4 8
924 588 4 4
896 592 4 16
896 596 4 16
896 600 4 8
904 600 4 8
896 604 4 16
912 592 2 16
912 594 2 16
912 596 4 16
912 600 4 16
912 604 4 16
928 576 4 8
928 580 8 8
928 588 4 8
936 576 16 8
944 576 4 8
944 580 8 8
944 588 4 8
952 576 16 8
928 592 4 16
928 596 8 16
928 604 4 16
944 592 8 8
944 600 4 8
944 604 4 8
952 592 8 8
952 600 4 8
952 604 4 8
896 608 16 16
912 608 16 16
896 624 8 16
896 632 4 8
896 636 4 8
904 632 4 8
904 636 4 8
912 624 8 16
912 632 8 16
928 608 8 16
928 616 8 16
944 608 16 16
928 624 8 8
936 624 8 8
928 632 4 8
928 636 4 8
936 632 4 8
936 636 4 8
944 624 4 8
944 628 4 8
944 632 8 8
952 624 8 8
952 632 8 8
960 576 4 16
960 580 4 8
960 584 4 8
968 580 4 8
968 584 4 8
960 588 4 16
976 576 4 8
976 580 8 8
976 588 4 8
984 576 8 4
984 584 8 4
988 576 8 4
988 584 8 4
960 592 8 4
964 592 8 8
972 592 8 4
960 600 4 8
968 600 4 8
960 604 4 16
976 592 8 8
984 592 4 8
984 596 4 8
976 600 8 4
980 600 8 8
988 600 8 4
992 576 8 16
992 584 8 16
1008 576 8 4
1008 584 8 4
1012 576 8 4
1012 584 8 4
1016 576 16 4
992 592 4 16
992 596 8 16
992 604 4 8
1000 604 4 8
1008 592 4 8
1008 596 8 8
1008 604 4 8
1016 592 16 4
960 608 8 16
960 616 8 16
976 608 8 16
976 616 8 16
960 624 2 8
960 626 4 8
960 630 2 8
968 624 4 8
968 628 4 8
960 632 8 8
968 632 8 4
972 632 8 4
976 624 16 8
984 624 8 8
984 632 8 8
992 608 8 8
1000 608 8 8
992 616 8 16
1008 608 16 8
1016 608 16 4
992 624 16 4
996 624 16 4
1000 624 8 8
1000 632 8 8
1008 624 16 8
1016 624 16 4
0 640 16 16
16 640 8 8
24 640 8 8
16 648 4 16
16 652 4 8
24 652 4 8
0 656 16 4
4 656 16 8
12 656 16 4
16 656 16 16
32 640 8 16
32 648 8 16
48 640 8 16
48 648 8 16
32 656 4 16
32 660 8 16
32 668 4 16
48 656 16 16
0 672 16 16
16 672 8 16
16 680 8 16
0 688 16 16
16 688 16 8
24 688 16 8
32 672 4 16
32 676 8 16
32 684 4 16
48 672 16 16
32 688 4 16
32 692 8 16
32 700 4 16
48 688 16 4
52 688 16 8
60 688 16 4
64 640 16 4
68 640 16 8
76 640 16 4
80 640 8 16
80 648 8 16
64 656 16 8
72 656 8 8
72 664 8 8
80 656 8 16
80 664 8 16
96 640 8 16
96 648 8 16
112 640 8 16
112 648 8 8
120 648 8 8
96 656 16 8
104 656 4 8
104 660 4 8
104 664 8 8
112 656 4 4
112 660 8 4
112 668 4 4
116 656 8 4
116 664 8 4
120 656 16 8
64 672 16 16
80 672 8 16
80 680 4 16
80 684 4 8
88 684 4 8
64 688 8 4
64 696 8 4
68 688 16 4
72 688 4 8
72 692 8 8
72 700 4 8
80 688 4 16
80 692 4 4
84 692 4 8
92 692 4 4
80 696 4 8
80 700 4 8
88 696 8 8
96 672 16 16
112 672 4 8
112 676 4 8
112 680 8 8
120 672 16 8
96 688 8 4
100 688 8 8
108 688 8 4
96 696 8 16
112 688 16 16
128 640 16 16
144 640 16 8
152 640 16 8
128 656 16 8
136 656 8 8
136 664 8 8
144 656 16 8
152 656 16 8
160 640 16 16
176 640 8 16
176 648 8 16
160 656 16 16
176 656 16 16
128 672 16 8
128 688 16 8
136 672 32 8
144 672 16 4
148 672 16 8
156 672 16 4
144 688 16 8
152 688 16 8
160 672 16 8
168 672 16 8
160 688 16 4
164 688 16 8
172 688 16 4
176 672 32 8
184 672 32 4
188 672 32 4
192 640 8 4
196 640 8 8
204 640 8 4
192 648 8 16
208 640 16 16
192 656 8 8
192 664 8 8
200 656 16 8
208 656 8 16
208 664 8 8
216 664 4 8
216 668 4 8
224 640 32 32
192 672 16 16
208 672 16 16
192 688 16 8
200 688 16 8
208 688 16 8
216 688 16 4
220 688 16 4
224 672 32 16
240 672 32 8
248 672 32 8
256 640 16 16
272 640 16 16
256 656 8 16
256 664 8 16
272 656 16 16
288 640 8 16
288 648 8 16
304 640 16 16
288 656 4 16
288 660 4 16
288 664 8 16
304 656 8 8
304 664 8 8
312 656 8 4
316 656 8 4
312 664 8 8
256 672 16 8
264 672 16 4
268 672 16 4
272 672 8 16
272 680 4 8
272 684 4 8
280 680 8 4
284 680 8 4
256 688 16 4
260 688 16 4
264 688 16 8
272 688 8 8
272 696 8 8
280 688 4 4
280 692 8 4
280 700 4 4
284 688 8 4
284 696 8 4
288 672 16 16
304 672 16 8
312 672 4 8
312 676 4 8
312 680 8 8
288 688 8 4
292 688 8 8
300 688 8 4
288 696 8 8
296 696 8 8
304 688 4 8
312 688 4 8
304 692 4 8
312 692 4 8
304 696 8 8
312 696 8 8
320 640 32 32
352 640 16 16
368 640 16 16
352 656 16 16
368 656 8 16
368 664 4 8
376 664 4 8
368 668 4 16
320 672 8 16
320 680 4 8
320 684 4 8
328 680 8 8
336 672 4 8
336 676 4 8
336 680 8 8
344 672 4 8
344 676 4 8
344 680 8 8
320 688 16 16
336 688 16 8
344 688 16 8
352 672 8 4
352 680 8 4
356 672 16 4
360 672 16 8
368 672 16 8
376 672 16 8
352 688 16 16
368 688 16 16
384 640 8 16
384 648 8 16
400 640 16 4
404 640 16 8
412 640 16 4
384 656 8 16
384 664 8 16
400 656 8 16
400 664 8 16
416 640 16 32
416 656 16 16
432 656 16 16
384 672 8 4
384 680 4 4
384 684 4 4
388 672 16 8
396 672 16 4
400 672 16 8
408 672 16 8
384 688 4 16
384 692 8 8
392 692 8 8
384 700 4 16
400 688 8 4
404 688 4 8
404 692 4 8
412 688 8 4
400 696 8 16
416 672 16 16
432 672 16 8
440 672 16 8
416 688 4 8
416 692 4 8
416 696 8 8
424 688 16 8
432 688 16 16
448 640 32 32
480 640 32 32
448 672 32 16
464 672 32 16
480 672 32 32
512 640 16 4
516 640 16 4
520 640 16 8
528 640 16 16
512 656 8 8
512 664 8 8
520 656 16 8
528 656 16 16
544 640 16 4
548 640 16 8
556 640 16 4
560 640 16 16
544 656 16 8
552 656 16 4
556 656 16 4
560 656 16 16
512 672 16 4
516 672 16 8
524 672 16 4
528 672 16 16
512 688 16 4
516 688 16 4
520 688 16 8
528 688 16 16
544 672 32 4
548 672 32 4
552 672 16 8
552 688 16 8
560 672 32 16
576 640 32 16
592 640 32 16
608 640 32 32
576 672 32 32
608 672 16 32
608 688 16 32
640 640 16 16
640 656 16 16
656 640 16 16
656 656 16 16
672 640 32 32
640 672 32 16
656 672 32 16
672 672 32 32
704 640 16 32
704 656 16 32
736 640 32 32
704 672 32 16
720 672 32 8
728 672 32 8
736 672 32 32
768 640 16 8
776 640 16 8
784 640 8 8
784 648 8 8
792 640 16 8
768 656 4 4
772 656 4 4
768 660 4 8
776 656 4 8
776 660 4 8
768 664 8 8
776 664 4 4
780 664 4 4
776 668 4 8
784 656 16 4
788 656 16 8
796 656 16 4
800 640 8 16
800 648 2 8
800 650 4 8
800 654 2 8
808 648 8 4
812 648 8 4
816 640 8 16
816 648 8 8
824 648 4 8
824 652 4 8
800 656 16 4
804 656 16 8
812 656 16 4
816 656 4 16
816 660 8 16
816 668 4 16
768 672 32 32
800 672 8 4
804 672 8 4
800 680 8 4
804 680 8 4
808 672 16 8
816 672 16 8
824 672 16 8
800 688 16 16
816 688 16 8
824 688 16 8
832 640 4 4
836 640 4 8
844 640 4 4
832 644 8 4
836 644 8 8
844 644 8 4
832 652 4 8
840 652 4 8
848 640 8 8
848 648 8 8
856 640 8 8
856 648 8 8
832 656 4 16
832 660 4 16
832 664 8 16
848 656 4 8
848 660 8 8
848 668 4 8
856 656 16 8
864 640 16 16
880 640 4 8
880 644 8 8
880 652 4 8
888 640 16 8
864 656 4 16
864 660 4 16
864 664 8 16
880 656 16 16
832 672 16 8
840 672 16 4
844 672 16 4
848 672 16 16
832 688 16 4
836 688 16 8
844 688 16 4
848 688 16 16
864 672 8 16
864 680 8 16
880 672 4 8
888 672 4 8
880 676 4 16
880 680 8 16
864 688 16 8
872 688 16 8
880 688 16 8
888 688 4 8
888 692 4 8
888 696 8 4
892 696 8 4
896 640 4 8
904 640 4 8
896 644 4 16
896 648 8 16
912 640 4 8
920 640 4 8
912 644 4 8
920 644 4 8
912 648 4 4
916 648 4 8
924 648 4 4
912 652 4 8
920 652 4 8
896 656 16 8
904 656 16 8
912 656 16 16
928 640 4 8
936 640 4 8
928 644 8 8
936 644 4 8
936 648 4 8
928 652 4 4
932 652 4 8
940 652 4 4
944 640 8 8
944 648 8 8
952 640 8 8
952 648 8 8
928 656 4 8
928 660 4 8
928 664 4 8
928 668 4 8
936 656 8 4
940 656 8 4
936 664 4 8
936 668 4 8
944 656 16 8
952 656 16 8
896 672 16 16
912 672 16 16
896 688 16 4
900 688 16 4
904 688 16 8
912 688 16 4
916 688 16 8
924 688 8 4
924 696 8 4
928 672 16 8
936 672 16 8
944 672 8 8
944 680 8 8
952 672 8 8
952 680 8 8
928 688 16 16
944 688 16 8
952 688 8 8
952 696 8 8
960 640 32 32
992 640 16 8
1000 640 16 8
1008 640 16 8
1016 640 16 4
992 656 16 4
996 656 4 4
996 660 8 4
996 668 4 4
1000 656 4 8
1000 660 4 8
1000 664 8 8
1008 656 16 8
1016 656 16 4
960 672 32 32
992 672 32 8
1000 672 32 8
1008 672 32 8
1016 672 32 4
